ncols 31
nrows 31
xllcorner 0.0
yllcorner 0.0
cellsize 1000.0
1.000000000000000000e+02 1.000000000000000000e+02 1.000000000000000000e+02 1.000000000000000000e+02 1.000000000000000000e+02 1.000000000000000000e+02 1.000000000000000000e+02 1.000000000000000000e+02 1.000000000000000000e+02 1.000000000000000000e+02 1.000000000000000000e+02 1.000000000000000000e+02 1.000000000000000000e+02 1.000000000000000000e+02 1.000000000000000000e+02 1.000000000000000000e+02 1.000000000000000000e+02 1.000000000000000000e+02 1.000000000000000000e+02 1.000000000000000000e+02 1.000000000000000000e+02 1.000000000000000000e+02 1.000000000000000000e+02 1.000000000000000000e+02 1.000000000000000000e+02 1.000000000000000000e+02 1.000000000000000000e+02 1.000000000000000000e+02 1.000000000000000000e+02 1.000000000000000000e+02 1.000000000000000000e+02
1.000000000000000000e+02 9.993333333333333712e+01 9.986666666666666003e+01 9.979999999999999716e+01 9.973333333333333428e+01 9.966666666666667140e+01 9.959999999999999432e+01 9.953333333333333144e+01 9.946666666666666856e+01 9.940000000000000568e+01 9.933333333333332860e+01 9.926666666666666572e+01 9.920000000000000284e+01 9.913333333333333997e+01 9.906666666666666288e+01 9.900000000000000000e+01 9.906666666666666288e+01 9.913333333333333997e+01 9.920000000000000284e+01 9.926666666666666572e+01 9.933333333333332860e+01 9.940000000000000568e+01 9.946666666666666856e+01 9.953333333333333144e+01 9.959999999999999432e+01 9.966666666666667140e+01 9.973333333333333428e+01 9.979999999999999716e+01 9.986666666666666003e+01 9.993333333333333712e+01 1.000000000000000000e+02
1.000000000000000000e+02 9.986666666666666003e+01 9.973333333333333428e+01 9.959999999999999432e+01 9.946666666666666856e+01 9.933333333333332860e+01 9.920000000000000284e+01 9.906666666666666288e+01 9.893333333333333712e+01 9.879999999999999716e+01 9.866666666666667140e+01 9.853333333333333144e+01 9.840000000000000568e+01 9.826666666666666572e+01 9.813333333333333997e+01 9.800000000000000000e+01 9.813333333333333997e+01 9.826666666666666572e+01 9.840000000000000568e+01 9.853333333333333144e+01 9.866666666666667140e+01 9.879999999999999716e+01 9.893333333333333712e+01 9.906666666666666288e+01 9.920000000000000284e+01 9.933333333333332860e+01 9.946666666666666856e+01 9.959999999999999432e+01 9.973333333333333428e+01 9.986666666666666003e+01 1.000000000000000000e+02
1.000000000000000000e+02 9.979999999999999716e+01 9.959999999999999432e+01 9.940000000000000568e+01 9.920000000000000284e+01 9.900000000000000000e+01 9.879999999999999716e+01 9.859999999999999432e+01 9.840000000000000568e+01 9.820000000000000284e+01 9.800000000000000000e+01 9.779999999999999716e+01 9.759999999999999432e+01 9.740000000000000568e+01 9.720000000000000284e+01 9.700000000000000000e+01 9.720000000000000284e+01 9.740000000000000568e+01 9.759999999999999432e+01 9.779999999999999716e+01 9.800000000000000000e+01 9.820000000000000284e+01 9.840000000000000568e+01 9.859999999999999432e+01 9.879999999999999716e+01 9.900000000000000000e+01 9.920000000000000284e+01 9.940000000000000568e+01 9.959999999999999432e+01 9.979999999999999716e+01 1.000000000000000000e+02
1.000000000000000000e+02 9.973333333333333428e+01 9.946666666666666856e+01 9.920000000000000284e+01 9.893333333333333712e+01 9.866666666666667140e+01 9.840000000000000568e+01 9.813333333333332575e+01 9.786666666666666003e+01 9.759999999999999432e+01 9.733333333333332860e+01 9.706666666666666288e+01 9.679999999999999716e+01 9.653333333333333144e+01 9.626666666666666572e+01 9.600000000000000000e+01 9.626666666666666572e+01 9.653333333333333144e+01 9.679999999999999716e+01 9.706666666666666288e+01 9.733333333333332860e+01 9.759999999999999432e+01 9.786666666666666003e+01 9.813333333333332575e+01 9.840000000000000568e+01 9.866666666666667140e+01 9.893333333333333712e+01 9.920000000000000284e+01 9.946666666666666856e+01 9.973333333333333428e+01 1.000000000000000000e+02
1.000000000000000000e+02 9.966666666666667140e+01 9.933333333333332860e+01 9.900000000000000000e+01 9.866666666666667140e+01 9.833333333333332860e+01 9.800000000000000000e+01 9.766666666666667140e+01 9.733333333333332860e+01 9.700000000000000000e+01 9.666666666666667140e+01 9.633333333333332860e+01 9.600000000000000000e+01 9.566666666666667140e+01 9.533333333333332860e+01 9.500000000000000000e+01 9.533333333333332860e+01 9.566666666666667140e+01 9.600000000000000000e+01 9.633333333333332860e+01 9.666666666666667140e+01 9.700000000000000000e+01 9.733333333333332860e+01 9.766666666666667140e+01 9.800000000000000000e+01 9.833333333333332860e+01 9.866666666666667140e+01 9.900000000000000000e+01 9.933333333333332860e+01 9.966666666666667140e+01 1.000000000000000000e+02
1.000000000000000000e+02 9.959999999999999432e+01 9.920000000000000284e+01 9.879999999999999716e+01 9.840000000000000568e+01 9.800000000000000000e+01 9.759999999999999432e+01 9.720000000000000284e+01 9.679999999999999716e+01 9.640000000000000568e+01 9.600000000000000000e+01 9.559999999999999432e+01 9.520000000000000284e+01 9.479999999999999716e+01 9.440000000000000568e+01 9.400000000000000000e+01 9.440000000000000568e+01 9.479999999999999716e+01 9.520000000000000284e+01 9.559999999999999432e+01 9.600000000000000000e+01 9.640000000000000568e+01 9.679999999999999716e+01 9.720000000000000284e+01 9.759999999999999432e+01 9.800000000000000000e+01 9.840000000000000568e+01 9.879999999999999716e+01 9.920000000000000284e+01 9.959999999999999432e+01 1.000000000000000000e+02
1.000000000000000000e+02 9.953333333333333144e+01 9.906666666666666288e+01 9.859999999999999432e+01 9.813333333333333997e+01 9.766666666666667140e+01 9.720000000000000284e+01 9.673333333333333428e+01 9.626666666666666572e+01 9.579999999999999716e+01 9.533333333333332860e+01 9.486666666666666003e+01 9.440000000000000568e+01 9.393333333333333712e+01 9.346666666666666856e+01 9.300000000000000000e+01 9.346666666666666856e+01 9.393333333333333712e+01 9.440000000000000568e+01 9.486666666666666003e+01 9.533333333333332860e+01 9.579999999999999716e+01 9.626666666666666572e+01 9.673333333333333428e+01 9.720000000000000284e+01 9.766666666666667140e+01 9.813333333333333997e+01 9.859999999999999432e+01 9.906666666666666288e+01 9.953333333333333144e+01 1.000000000000000000e+02
1.000000000000000000e+02 9.946666666666666856e+01 9.893333333333333712e+01 9.840000000000000568e+01 9.786666666666666003e+01 9.733333333333332860e+01 9.679999999999999716e+01 9.626666666666666572e+01 9.573333333333333428e+01 9.520000000000000284e+01 9.466666666666667140e+01 9.413333333333333997e+01 9.359999999999999432e+01 9.306666666666666288e+01 9.253333333333333144e+01 9.200000000000000000e+01 9.253333333333333144e+01 9.306666666666666288e+01 9.359999999999999432e+01 9.413333333333333997e+01 9.466666666666667140e+01 9.520000000000000284e+01 9.573333333333333428e+01 9.626666666666666572e+01 9.679999999999999716e+01 9.733333333333332860e+01 9.786666666666666003e+01 9.840000000000000568e+01 9.893333333333333712e+01 9.946666666666666856e+01 1.000000000000000000e+02
1.000000000000000000e+02 9.940000000000000568e+01 9.879999999999999716e+01 9.820000000000000284e+01 9.759999999999999432e+01 9.700000000000000000e+01 9.640000000000000568e+01 9.579999999999999716e+01 9.520000000000000284e+01 9.459999999999999432e+01 9.400000000000000000e+01 9.340000000000000568e+01 9.279999999999999716e+01 9.220000000000000284e+01 9.159999999999999432e+01 9.100000000000000000e+01 9.159999999999999432e+01 9.220000000000000284e+01 9.279999999999999716e+01 9.340000000000000568e+01 9.400000000000000000e+01 9.459999999999999432e+01 9.520000000000000284e+01 9.579999999999999716e+01 9.640000000000000568e+01 9.700000000000000000e+01 9.759999999999999432e+01 9.820000000000000284e+01 9.879999999999999716e+01 9.940000000000000568e+01 1.000000000000000000e+02
1.000000000000000000e+02 9.933333333333332860e+01 9.866666666666667140e+01 9.800000000000000000e+01 9.733333333333332860e+01 9.666666666666667140e+01 9.600000000000000000e+01 9.533333333333332860e+01 9.466666666666667140e+01 9.400000000000000000e+01 9.333333333333332860e+01 9.266666666666667140e+01 9.200000000000000000e+01 9.133333333333332860e+01 9.066666666666667140e+01 9.000000000000000000e+01 9.066666666666667140e+01 9.133333333333332860e+01 9.200000000000000000e+01 9.266666666666667140e+01 9.333333333333332860e+01 9.400000000000000000e+01 9.466666666666667140e+01 9.533333333333332860e+01 9.600000000000000000e+01 9.666666666666667140e+01 9.733333333333332860e+01 9.800000000000000000e+01 9.866666666666667140e+01 9.933333333333332860e+01 1.000000000000000000e+02
1.000000000000000000e+02 9.926666666666666572e+01 9.853333333333333144e+01 9.779999999999999716e+01 9.706666666666666288e+01 9.633333333333332860e+01 9.559999999999999432e+01 9.486666666666666003e+01 9.413333333333332575e+01 9.340000000000000568e+01 9.266666666666667140e+01 9.193333333333333712e+01 9.120000000000000284e+01 9.046666666666666856e+01 8.973333333333333428e+01 8.900000000000000000e+01 8.973333333333333428e+01 9.046666666666666856e+01 9.120000000000000284e+01 9.193333333333333712e+01 9.266666666666667140e+01 9.340000000000000568e+01 9.413333333333332575e+01 9.486666666666666003e+01 9.559999999999999432e+01 9.633333333333332860e+01 9.706666666666666288e+01 9.779999999999999716e+01 9.853333333333333144e+01 9.926666666666666572e+01 1.000000000000000000e+02
1.000000000000000000e+02 9.920000000000000284e+01 9.840000000000000568e+01 9.759999999999999432e+01 9.679999999999999716e+01 9.600000000000000000e+01 9.520000000000000284e+01 9.440000000000000568e+01 9.359999999999999432e+01 9.279999999999999716e+01 9.200000000000000000e+01 9.120000000000000284e+01 9.040000000000000568e+01 8.959999999999999432e+01 8.879999999999999716e+01 8.800000000000000000e+01 8.879999999999999716e+01 8.959999999999999432e+01 9.040000000000000568e+01 9.120000000000000284e+01 9.200000000000000000e+01 9.279999999999999716e+01 9.359999999999999432e+01 9.440000000000000568e+01 9.520000000000000284e+01 9.600000000000000000e+01 9.679999999999999716e+01 9.759999999999999432e+01 9.840000000000000568e+01 9.920000000000000284e+01 1.000000000000000000e+02
1.000000000000000000e+02 9.913333333333333997e+01 9.826666666666666572e+01 9.740000000000000568e+01 9.653333333333333144e+01 9.566666666666667140e+01 9.479999999999999716e+01 9.393333333333333712e+01 9.306666666666666288e+01 9.220000000000000284e+01 9.133333333333332860e+01 9.046666666666666856e+01 8.959999999999999432e+01 8.873333333333333428e+01 8.786666666666667425e+01 8.700000000000000000e+01 8.786666666666667425e+01 8.873333333333333428e+01 8.959999999999999432e+01 9.046666666666666856e+01 9.133333333333332860e+01 9.220000000000000284e+01 9.306666666666666288e+01 9.393333333333333712e+01 9.479999999999999716e+01 9.566666666666667140e+01 9.653333333333333144e+01 9.740000000000000568e+01 9.826666666666666572e+01 9.913333333333333997e+01 1.000000000000000000e+02
1.000000000000000000e+02 9.906666666666666288e+01 9.813333333333333997e+01 9.720000000000000284e+01 9.626666666666666572e+01 9.533333333333332860e+01 9.440000000000000568e+01 9.346666666666666856e+01 9.253333333333333144e+01 9.159999999999999432e+01 9.066666666666667140e+01 8.973333333333333428e+01 8.879999999999999716e+01 8.786666666666667425e+01 8.693333333333333712e+01 8.600000000000000000e+01 8.693333333333333712e+01 8.786666666666667425e+01 8.879999999999999716e+01 8.973333333333333428e+01 9.066666666666667140e+01 9.159999999999999432e+01 9.253333333333333144e+01 9.346666666666666856e+01 9.440000000000000568e+01 9.533333333333332860e+01 9.626666666666666572e+01 9.720000000000000284e+01 9.813333333333333997e+01 9.906666666666666288e+01 1.000000000000000000e+02
1.000000000000000000e+02 9.900000000000000000e+01 9.800000000000000000e+01 9.700000000000000000e+01 9.600000000000000000e+01 9.500000000000000000e+01 9.400000000000000000e+01 9.300000000000000000e+01 9.200000000000000000e+01 9.100000000000000000e+01 9.000000000000000000e+01 8.900000000000000000e+01 8.800000000000000000e+01 8.700000000000000000e+01 8.600000000000000000e+01 8.500000000000000000e+01 8.600000000000000000e+01 8.700000000000000000e+01 8.800000000000000000e+01 8.900000000000000000e+01 9.000000000000000000e+01 9.100000000000000000e+01 9.200000000000000000e+01 9.300000000000000000e+01 9.400000000000000000e+01 9.500000000000000000e+01 9.600000000000000000e+01 9.700000000000000000e+01 9.800000000000000000e+01 9.900000000000000000e+01 1.000000000000000000e+02
1.000000000000000000e+02 9.906666666666666288e+01 9.813333333333333997e+01 9.720000000000000284e+01 9.626666666666666572e+01 9.533333333333332860e+01 9.440000000000000568e+01 9.346666666666666856e+01 9.253333333333333144e+01 9.159999999999999432e+01 9.066666666666667140e+01 8.973333333333333428e+01 8.879999999999999716e+01 8.786666666666667425e+01 8.693333333333333712e+01 8.600000000000000000e+01 8.693333333333333712e+01 8.786666666666667425e+01 8.879999999999999716e+01 8.973333333333333428e+01 9.066666666666667140e+01 9.159999999999999432e+01 9.253333333333333144e+01 9.346666666666666856e+01 9.440000000000000568e+01 9.533333333333332860e+01 9.626666666666666572e+01 9.720000000000000284e+01 9.813333333333333997e+01 9.906666666666666288e+01 1.000000000000000000e+02
1.000000000000000000e+02 9.913333333333333997e+01 9.826666666666666572e+01 9.740000000000000568e+01 9.653333333333333144e+01 9.566666666666667140e+01 9.479999999999999716e+01 9.393333333333333712e+01 9.306666666666666288e+01 9.220000000000000284e+01 9.133333333333332860e+01 9.046666666666666856e+01 8.959999999999999432e+01 8.873333333333333428e+01 8.786666666666667425e+01 8.700000000000000000e+01 8.786666666666667425e+01 8.873333333333333428e+01 8.959999999999999432e+01 9.046666666666666856e+01 9.133333333333332860e+01 9.220000000000000284e+01 9.306666666666666288e+01 9.393333333333333712e+01 9.479999999999999716e+01 9.566666666666667140e+01 9.653333333333333144e+01 9.740000000000000568e+01 9.826666666666666572e+01 9.913333333333333997e+01 1.000000000000000000e+02
1.000000000000000000e+02 9.920000000000000284e+01 9.840000000000000568e+01 9.759999999999999432e+01 9.679999999999999716e+01 9.600000000000000000e+01 9.520000000000000284e+01 9.440000000000000568e+01 9.359999999999999432e+01 9.279999999999999716e+01 9.200000000000000000e+01 9.120000000000000284e+01 9.040000000000000568e+01 8.959999999999999432e+01 8.879999999999999716e+01 8.800000000000000000e+01 8.879999999999999716e+01 8.959999999999999432e+01 9.040000000000000568e+01 9.120000000000000284e+01 9.200000000000000000e+01 9.279999999999999716e+01 9.359999999999999432e+01 9.440000000000000568e+01 9.520000000000000284e+01 9.600000000000000000e+01 9.679999999999999716e+01 9.759999999999999432e+01 9.840000000000000568e+01 9.920000000000000284e+01 1.000000000000000000e+02
1.000000000000000000e+02 9.926666666666666572e+01 9.853333333333333144e+01 9.779999999999999716e+01 9.706666666666666288e+01 9.633333333333332860e+01 9.559999999999999432e+01 9.486666666666666003e+01 9.413333333333332575e+01 9.340000000000000568e+01 9.266666666666667140e+01 9.193333333333333712e+01 9.120000000000000284e+01 9.046666666666666856e+01 8.973333333333333428e+01 8.900000000000000000e+01 8.973333333333333428e+01 9.046666666666666856e+01 9.120000000000000284e+01 9.193333333333333712e+01 9.266666666666667140e+01 9.340000000000000568e+01 9.413333333333332575e+01 9.486666666666666003e+01 9.559999999999999432e+01 9.633333333333332860e+01 9.706666666666666288e+01 9.779999999999999716e+01 9.853333333333333144e+01 9.926666666666666572e+01 1.000000000000000000e+02
1.000000000000000000e+02 9.933333333333332860e+01 9.866666666666667140e+01 9.800000000000000000e+01 9.733333333333332860e+01 9.666666666666667140e+01 9.600000000000000000e+01 9.533333333333332860e+01 9.466666666666667140e+01 9.400000000000000000e+01 9.333333333333332860e+01 9.266666666666667140e+01 9.200000000000000000e+01 9.133333333333332860e+01 9.066666666666667140e+01 9.000000000000000000e+01 9.066666666666667140e+01 9.133333333333332860e+01 9.200000000000000000e+01 9.266666666666667140e+01 9.333333333333332860e+01 9.400000000000000000e+01 9.466666666666667140e+01 9.533333333333332860e+01 9.600000000000000000e+01 9.666666666666667140e+01 9.733333333333332860e+01 9.800000000000000000e+01 9.866666666666667140e+01 9.933333333333332860e+01 1.000000000000000000e+02
1.000000000000000000e+02 9.940000000000000568e+01 9.879999999999999716e+01 9.820000000000000284e+01 9.759999999999999432e+01 9.700000000000000000e+01 9.640000000000000568e+01 9.579999999999999716e+01 9.520000000000000284e+01 9.459999999999999432e+01 9.400000000000000000e+01 9.340000000000000568e+01 9.279999999999999716e+01 9.220000000000000284e+01 9.159999999999999432e+01 9.100000000000000000e+01 9.159999999999999432e+01 9.220000000000000284e+01 9.279999999999999716e+01 9.340000000000000568e+01 9.400000000000000000e+01 9.459999999999999432e+01 9.520000000000000284e+01 9.579999999999999716e+01 9.640000000000000568e+01 9.700000000000000000e+01 9.759999999999999432e+01 9.820000000000000284e+01 9.879999999999999716e+01 9.940000000000000568e+01 1.000000000000000000e+02
1.000000000000000000e+02 9.946666666666666856e+01 9.893333333333333712e+01 9.840000000000000568e+01 9.786666666666666003e+01 9.733333333333332860e+01 9.679999999999999716e+01 9.626666666666666572e+01 9.573333333333333428e+01 9.520000000000000284e+01 9.466666666666667140e+01 9.413333333333333997e+01 9.359999999999999432e+01 9.306666666666666288e+01 9.253333333333333144e+01 9.200000000000000000e+01 9.253333333333333144e+01 9.306666666666666288e+01 9.359999999999999432e+01 9.413333333333333997e+01 9.466666666666667140e+01 9.520000000000000284e+01 9.573333333333333428e+01 9.626666666666666572e+01 9.679999999999999716e+01 9.733333333333332860e+01 9.786666666666666003e+01 9.840000000000000568e+01 9.893333333333333712e+01 9.946666666666666856e+01 1.000000000000000000e+02
1.000000000000000000e+02 9.953333333333333144e+01 9.906666666666666288e+01 9.859999999999999432e+01 9.813333333333333997e+01 9.766666666666667140e+01 9.720000000000000284e+01 9.673333333333333428e+01 9.626666666666666572e+01 9.579999999999999716e+01 9.533333333333332860e+01 9.486666666666666003e+01 9.440000000000000568e+01 9.393333333333333712e+01 9.346666666666666856e+01 9.300000000000000000e+01 9.346666666666666856e+01 9.393333333333333712e+01 9.440000000000000568e+01 9.486666666666666003e+01 9.533333333333332860e+01 9.579999999999999716e+01 9.626666666666666572e+01 9.673333333333333428e+01 9.720000000000000284e+01 9.766666666666667140e+01 9.813333333333333997e+01 9.859999999999999432e+01 9.906666666666666288e+01 9.953333333333333144e+01 1.000000000000000000e+02
1.000000000000000000e+02 9.959999999999999432e+01 9.920000000000000284e+01 9.879999999999999716e+01 9.840000000000000568e+01 9.800000000000000000e+01 9.759999999999999432e+01 9.720000000000000284e+01 9.679999999999999716e+01 9.640000000000000568e+01 9.600000000000000000e+01 9.559999999999999432e+01 9.520000000000000284e+01 9.479999999999999716e+01 9.440000000000000568e+01 9.400000000000000000e+01 9.440000000000000568e+01 9.479999999999999716e+01 9.520000000000000284e+01 9.559999999999999432e+01 9.600000000000000000e+01 9.640000000000000568e+01 9.679999999999999716e+01 9.720000000000000284e+01 9.759999999999999432e+01 9.800000000000000000e+01 9.840000000000000568e+01 9.879999999999999716e+01 9.920000000000000284e+01 9.959999999999999432e+01 1.000000000000000000e+02
1.000000000000000000e+02 9.966666666666667140e+01 9.933333333333332860e+01 9.900000000000000000e+01 9.866666666666667140e+01 9.833333333333332860e+01 9.800000000000000000e+01 9.766666666666667140e+01 9.733333333333332860e+01 9.700000000000000000e+01 9.666666666666667140e+01 9.633333333333332860e+01 9.600000000000000000e+01 9.566666666666667140e+01 9.533333333333332860e+01 9.500000000000000000e+01 9.533333333333332860e+01 9.566666666666667140e+01 9.600000000000000000e+01 9.633333333333332860e+01 9.666666666666667140e+01 9.700000000000000000e+01 9.733333333333332860e+01 9.766666666666667140e+01 9.800000000000000000e+01 9.833333333333332860e+01 9.866666666666667140e+01 9.900000000000000000e+01 9.933333333333332860e+01 9.966666666666667140e+01 1.000000000000000000e+02
1.000000000000000000e+02 9.973333333333333428e+01 9.946666666666666856e+01 9.920000000000000284e+01 9.893333333333333712e+01 9.866666666666667140e+01 9.840000000000000568e+01 9.813333333333332575e+01 9.786666666666666003e+01 9.759999999999999432e+01 9.733333333333332860e+01 9.706666666666666288e+01 9.679999999999999716e+01 9.653333333333333144e+01 9.626666666666666572e+01 9.600000000000000000e+01 9.626666666666666572e+01 9.653333333333333144e+01 9.679999999999999716e+01 9.706666666666666288e+01 9.733333333333332860e+01 9.759999999999999432e+01 9.786666666666666003e+01 9.813333333333332575e+01 9.840000000000000568e+01 9.866666666666667140e+01 9.893333333333333712e+01 9.920000000000000284e+01 9.946666666666666856e+01 9.973333333333333428e+01 1.000000000000000000e+02
1.000000000000000000e+02 9.979999999999999716e+01 9.959999999999999432e+01 9.940000000000000568e+01 9.920000000000000284e+01 9.900000000000000000e+01 9.879999999999999716e+01 9.859999999999999432e+01 9.840000000000000568e+01 9.820000000000000284e+01 9.800000000000000000e+01 9.779999999999999716e+01 9.759999999999999432e+01 9.740000000000000568e+01 9.720000000000000284e+01 9.700000000000000000e+01 9.720000000000000284e+01 9.740000000000000568e+01 9.759999999999999432e+01 9.779999999999999716e+01 9.800000000000000000e+01 9.820000000000000284e+01 9.840000000000000568e+01 9.859999999999999432e+01 9.879999999999999716e+01 9.900000000000000000e+01 9.920000000000000284e+01 9.940000000000000568e+01 9.959999999999999432e+01 9.979999999999999716e+01 1.000000000000000000e+02
1.000000000000000000e+02 9.986666666666666003e+01 9.973333333333333428e+01 9.959999999999999432e+01 9.946666666666666856e+01 9.933333333333332860e+01 9.920000000000000284e+01 9.906666666666666288e+01 9.893333333333333712e+01 9.879999999999999716e+01 9.866666666666667140e+01 9.853333333333333144e+01 9.840000000000000568e+01 9.826666666666666572e+01 9.813333333333333997e+01 9.800000000000000000e+01 9.813333333333333997e+01 9.826666666666666572e+01 9.840000000000000568e+01 9.853333333333333144e+01 9.866666666666667140e+01 9.879999999999999716e+01 9.893333333333333712e+01 9.906666666666666288e+01 9.920000000000000284e+01 9.933333333333332860e+01 9.946666666666666856e+01 9.959999999999999432e+01 9.973333333333333428e+01 9.986666666666666003e+01 1.000000000000000000e+02
1.000000000000000000e+02 9.993333333333333712e+01 9.986666666666666003e+01 9.979999999999999716e+01 9.973333333333333428e+01 9.966666666666667140e+01 9.959999999999999432e+01 9.953333333333333144e+01 9.946666666666666856e+01 9.940000000000000568e+01 9.933333333333332860e+01 9.926666666666666572e+01 9.920000000000000284e+01 9.913333333333333997e+01 9.906666666666666288e+01 9.900000000000000000e+01 9.906666666666666288e+01 9.913333333333333997e+01 9.920000000000000284e+01 9.926666666666666572e+01 9.933333333333332860e+01 9.940000000000000568e+01 9.946666666666666856e+01 9.953333333333333144e+01 9.959999999999999432e+01 9.966666666666667140e+01 9.973333333333333428e+01 9.979999999999999716e+01 9.986666666666666003e+01 9.993333333333333712e+01 1.000000000000000000e+02
1.000000000000000000e+02 1.000000000000000000e+02 1.000000000000000000e+02 1.000000000000000000e+02 1.000000000000000000e+02 1.000000000000000000e+02 1.000000000000000000e+02 1.000000000000000000e+02 1.000000000000000000e+02 1.000000000000000000e+02 1.000000000000000000e+02 1.000000000000000000e+02 1.000000000000000000e+02 1.000000000000000000e+02 1.000000000000000000e+02 1.000000000000000000e+02 1.000000000000000000e+02 1.000000000000000000e+02 1.000000000000000000e+02 1.000000000000000000e+02 1.000000000000000000e+02 1.000000000000000000e+02 1.000000000000000000e+02 1.000000000000000000e+02 1.000000000000000000e+02 1.000000000000000000e+02 1.000000000000000000e+02 1.000000000000000000e+02 1.000000000000000000e+02 1.000000000000000000e+02 1.000000000000000000e+02
