Examples/DRYP/ponds/input/PD_flowdir.asc
ncols        31
nrows        31
xllcorner    0.000000000000
yllcorner    0.000000000000
cellsize     1000.000000000000
 930.0 931 932 933 934 935 936 937 938 939 940 941 942 943 944 945 946 947 948 949 950 951 952 953 954 955 956 957 958 959 960
 899 870 871 872 873 873 874 875 876 877 878 879 880 881 882 883 884 885 886 887 888 889 890 891 892 893 893 894 895 896 929
 868 839 840 841 842 843 844 845 845 846 847 848 849 850 851 852 853 854 855 856 857 858 859 859 860 861 862 863 864 865 898
 837 808 809 810 811 812 813 814 815 816 816 817 818 819 820 821 822 823 824 825 826 826 827 828 829 830 831 832 833 834 867
 806 777 778 779 780 781 782 783 784 785 786 787 788 788 789 790 791 792 792 793 794 795 796 797 798 799 800 801 802 803 836
 775 777 747 748 749 750 751 752 753 754 755 756 757 758 759 759 759 760 761 762 763 764 765 766 767 768 769 770 771 803 805
 744 746 716 717 718 719 720 721 722 723 724 725 726 727 728 728 728 729 730 731 732 733 734 735 736 737 738 739 740 772 774
 713 715 685 686 687 688 689 690 691 692 693 694 695 696 697 697 697 698 699 700 701 702 703 704 705 706 707 708 709 741 743
 682 684 685 655 656 657 658 659 660 661 662 663 664 665 666 666 666 667 668 669 670 671 672 673 674 675 676 677 709 710 712
 651 653 654 624 625 626 627 628 629 630 631 632 633 634 635 635 635 636 637 638 639 640 641 642 643 644 645 646 678 679 681
 620 622 623 624 594 595 596 597 598 599 600 601 602 603 604 604 604 605 606 607 608 609 610 611 612 613 614 646 647 648 650
 589 591 592 593 563 564 565 566 567 568 569 570 571 572 573 573 573 574 575 576 577 578 579 580 581 582 583 615 616 617 619
 558 560 561 562 532 533 534 535 536 537 538 539 540 541 542 542 542 543 544 545 546 547 548 549 550 551 552 584 585 586 588
 527 529 530 531 532 502 503 504 505 506 507 508 509 510 511 511 511 512 513 514 515 516 517 518 519 520 552 553 554 555 557
 496 498 499 500 501 471 472 473 474 475 476 477 478 479 480 480 480 481 482 483 484 485 486 487 488 489 521 522 523 524 526
 465 467 468 469 470 471 472 473 474 475 476 477 478 479 480 480 480 481 482 483 484 485 486 487 488 489 490 491 492 493 495
 434 436 437 438 439 471 472 473 474 475 476 477 478 479 480 480 480 481 482 483 484 485 486 487 488 489 459 460 461 462 464
 403 405 406 407 408 440 441 442 443 444 445 446 447 448 449 449 449 450 451 452 453 454 455 456 457 458 428 429 430 431 433
 372 374 375 376 408 409 410 411 412 413 414 415 416 417 418 418 418 419 420 421 422 423 424 425 426 427 428 398 399 400 402
 341 343 344 345 377 378 379 380 381 382 383 384 385 386 387 387 387 388 389 390 391 392 393 394 395 396 397 367 368 369 371
 310 312 313 314 346 347 348 349 350 351 352 353 354 355 356 356 356 357 358 359 360 361 362 363 364 365 366 336 337 338 340
 279 281 282 314 315 316 317 318 319 320 321 322 323 324 325 325 325 326 327 328 329 330 331 332 333 334 335 336 306 307 309
 248 250 251 283 284 285 286 287 288 289 290 291 292 293 294 294 294 295 296 297 298 299 300 301 302 303 304 305 275 276 278
 217 219 251 252 253 254 255 256 257 258 259 260 261 262 263 263 263 264 265 266 267 268 269 270 271 272 273 274 275 245 247
 186 188 220 221 222 223 224 225 226 227 228 229 230 231 232 232 232 233 234 235 236 237 238 239 240 241 242 243 244 214 216
 155 157 189 190 191 192 193 194 195 196 197 198 199 200 201 201 201 202 203 204 205 206 207 208 209 210 211 212 213 183 185
 124 157 158 159 160 161 162 163 164 165 166 167 168 168 169 170 171 172 172 173 174 175 176 177 178 179 180 181 182 183 154
 93 126 127 128 129 130 131 132 133 134 134 135 136 137 138 139 140 141 142 143 144 144 145 146 147 148 149 150 151 152 123
 62 95 96 97 98 99 100 101 101 102 103 104 105 106 107 108 109 110 111 112 113 114 115 115 116 117 118 119 120 121 92
 31 64 65 66 67 67 68 69 70 71 72 73 74 75 76 77 78 79 80 81 82 83 84 85 86 87 87 88 89 90 61
 0 1 2 3 4 5 6 7 8 9 10 11 12 13 14 15 16 17 18 19 20 21 22 23 24 25 26 27 28 29 30
